Valores de rssi coletados: 
-45, -45, -44, -45, -44, -45, -42, -45, -45, -45, 
Algoritmos 1: 
1.022116, 1.022116, 0.964939, 1.022116, 0.964939, 1.022116, 0.860003, 1.022116, 1.022116, 1.022116, 
Algoritmo 2: 
0.421745, 0.421745, 0.688108, 0.421745, 0.688108, 0.421745, 2.907814, 0.421745, 0.421745, 0.421745

-45, -45, -44, -45, -44, -45, -42, -45, -45, -45, 
-48, -48, -49, -48, -48, -48, -48, -48, -48, -47, 
-55, -53, -55, -53, -54, -55, -55, -55, -54, -54, 
-55, -54, -54, -55, -54, -54, -54, -54, -54, -54, 
-61, -70, -66, -66, -68, -73, -67, -66, -67, -66, 
